KPlayerPartner
目前有如下几种玩家所属同伴的Npc

蛊惑式
将指定的Npc暂时变成自已的阵营
它具有一定的有效时间.时间到了将会回复原来的阵营.
死亡会阵营自动回复


召唤Npc方式 
召唤方式是将指定的Npc复制一份属于自已
死亡后不能重生


产生Npc方式
在某个点上产生某个特定的Npc，这种Npc死亡后不能重生.
该类Npc会有根据技能等级提高，Npc属性变化的特点.


养成型Npc
养成类的Npc会有等级提升的特点


将对Npc的控制抽象出来，作成一个基础类



1 各个Partner类负责应用和扩展该Partner

2 KPlayer自已有KPartnersGroup，负责记录与Partner数量，以及支配它们.

3 而每个Partner可能是由各种类型的Partner类派生的具有不同性格的Partner.


1/玩家与自已的Partner有相关联
2/

玩家对Partner有SendCommand的权力，可能自动也可能手动表现.


Partner与玩家为Vistor者模式,但是由于Partner也属于Npc所以可能很难实现

SendCommand
SetManner()
玩家可以对某些发布命令
KNpcPartnerControl 

AttackSomeone()
AssistantSomeone()
Death()
FollowSomeone()
RandomManner()

Control负责切换各种Partner的行为特点

一个Partner除了具有行为以外，还包括属性,如升级，装备之类的

class KPartner
KPartnerAction ,行为主要负责发布命令,发布的命令会对

KPartnerProp

KPartnerData ..KNpc[]

ChangeData(datatype,)

给宠物发布命令的技能

KPartner->
KPlayerPartner
KNpcPartner
KObjPartner


01  04  06  10  12  14  27 
01  04  06  10  12  14  35 
01  04  06  10  12  27  34 
01  04  06  10  12  34  35 
01  04  06  12  14  26  27 
01  04  06  12  14  26  35 
01  04  06  12  14  27  28 
01  04  06  12  14  27  34 
01  04  06  12  14  27  36 
01  04  06  12  14  28  35 
01  04  06  12  14  34  35 
01  04  06  12  14  35  36 
01  04  06  12  27  28  34 
01  04  06  12  27  34  36 
01  04  06  12  28  34  35 
01  04  06  12  34  35  36 
01  04  10  12  14  27  32 
01  04  10  12  14  27  34 
01  04  10  12  14  32  35 
01  04  10  12  14  34  35 
01  04  10  12  27  32  34 
01  04  10  12  32  34  35 
01  04  10  14  27  32  34 
01  04  10  14  32  34  35 
01  04  12  14  26  27  32 
01  04  12  14  26  32  35 
01  04  12  14  27  28  32 
01  04  12  14  27  28  34 
01  04  12  14  27  32  34 
01  04  12  14  27  32  36 
01  04  12  14  27  34  36 
01  04  12  14  28  32  35 
01  04  12  14  28  34  35 
01  04  12  14  32  34  35 
01  04  12  14  32  35  36 
01  04  12  14  34  35  36 
01  04  12  27  28  32  34 
01  04  12  27  32  34  36 
01  04  12  28  32  34  35 
01  04  12  32  34  35  36 
01  04  14  27  28  32  34 
01  04  14  27  32  34  36 
01  04  14  28  32  34  35 
01  04  14  32  34  35  36 
01  06  10  12  14  16  27 
01  06  10  12  14  16  35 
01  06  10  12  14  27  30 
01  06  10  12  14  27  34 
01  06  10  12  14  30  35 
01  06  10  12  14  34  35 
01  06  10  12  16  27  34 
01  06  10  12  16  34  35 
01  06  10  12  27  30  34 
01  06  10  12  30  34  35 
01  06  12  14  16  26  27 
01  06  12  14  16  26  35 
01  06  12  14  16  27  28 
01  06  12  14  16  27  34 
01  06  12  14  16  27  36 
01  06  12  14  16  28  35 
01  06  12  14  16  34  35 
01  06  12  14  16  35  36 
01  06  12  14  26  27  30 
01  06  12  14  26  30  35 
01  06  12  14  27  28  30 
01  06  12  14  27  28  34 
01  06  12  14  27  30  34 
01  06  12  14  27  30  36 
01  06  12  14  27  34  36 
01  06  12  14  28  30  35 
01  06  12  14  28  34  35 
01  06  12  14  30  34  35 
01  06  12  14  30  35  36 
01  06  12  14  34  35  36 
01  06  12  16  27  28  34 
01  06  12  16  27  34  36 
01  06  12  16  28  34  35 
01  06  12  16  34  35  36 
01  06  12  27  28  30  34 
01  06  12  27  30  34  36 
01  06  12  28  30  34  35 
01  06  12  30  34  35  36 
01  10  12  14  16  23  32 
01  10  12  14  16  23  34 
01  10  12  14  16  27  32 
01  10  12  14  16  27  34 
01  10  12  14  16  32  35 
01  10  12  14  16  34  35 
01  10  12  14  23  30  32 
01  10  12  14  23  30  34 
01  10  12  14  23  32  34 
01  10  12  14  27  30  32 
01  10  12  14  27  30  34 
01  10  12  14  27  32  34 
01  10  12  14  30  32  35 
01  10  12  14  30  34  35 
01  10  12  14  32  34  35 
01  10  12  16  23  32  34 
01  10  12  16  27  32  34 
01  10  12  16  32  34  35 
01  10  12  23  30  32  34 
01  10  12  27  30  32  34 
01  10  12  30  32  34  35 
01  10  14  16  23  32  34 
01  10  14  16  27  32  34 
01  10  14  16  32  34  35 
01  10  14  23  30  32  34 
01  10  14  27  30  32  34 
01  10  14  30  32  34  35 
01  12  14  16  23  26  32 
01  12  14  16  23  28  32 
01  12  14  16  23  28  34 
01  12  14  16  23  32  34 
01  12  14  16  23  32  36 
01  12  14  16  23  34  36 
01  12  14  16  26  27  32 
01  12  14  16  26  32  35 
01  12  14  16  27  28  32 
01  12  14  16  27  28  34 
01  12  14  16  27  32  34 
01  12  14  16  27  32  36 
01  12  14  16  27  34  36 
01  12  14  16  28  32  35 
01  12  14  16  28  34  35 
01  12  14  16  32  34  35 
01  12  14  16  32  35  36 
01  12  14  16  34  35  36 
01  12  14  23  26  30  32 
01  12  14  23  28  30  32 
01  12  14  23  28  30  34 
01  12  14  23  28  32  34 
01  12  14  23  30  32  34 
01  12  14  23  30  32  36 
01  12  14  23  30  34  36 
01  12  14  23  32  34  36 
01  12  14  26  27  30  32 
01  12  14  26  30  32  35 
01  12  14  27  28  30  32 
01  12  14  27  28  30  34 
01  12  14  27  28  32  34 
01  12  14  27  30  32  34 
01  12  14  27  30  32  36 
01  12  14  27  30  34  36 
01  12  14  27  32  34  36 
01  12  14  28  30  32  35 
01  12  14  28  30  34  35 
01  12  14  28  32  34  35 
01  12  14  30  32  34  35 
01  12  14  30  32  35  36 
01  12  14  30  34  35  36 
01  12  14  32  34  35  36 
01  12  16  23  28  32  34 
01  12  16  23  32  34  36 
01  12  16  27  28  32  34 
01  12  16  27  32  34  36 
01  12  16  28  32  34  35 
01  12  16  32  34  35  36 
01  12  23  28  30  32  34 
01  12  23  30  32  34  36 
01  12  27  28  30  32  34 
01  12  27  30  32  34  36 
01  12  28  30  32  34  35 
01  12  30  32  34  35  36 
01  14  16  23  28  32  34 
01  14  16  23  32  34  36 
01  14  16  27  28  32  34 
01  14  16  27  32  34  36 
01  14  16  28  32  34  35 
01  14  16  32  34  35  36 
01  14  23  28  30  32  34 
01  14  23  30  32  34  36 
01  14  27  28  30  32  34 
01  14  27  30  32  34  36 
01  14  28  30  32  34  35 
01  14  30  32  34  35  36 
04  06  09  11  12  14  34 
04  06  10  11  12  14  27 
04  06  10  11  12  14  35 
04  06  10  11  12  27  34 
04  06  10  11  12  34  35 
04  06  11  12  14  26  27 
04  06  11  12  14  26  35 
04  06  11  12  14  27  28 
04  06  11  12  14  27  34 
04  06  11  12  14  27  36 
04  06  11  12  14  28  35 
04  06  11  12  14  34  35 
04  06  11  12  14  35  36 
04  06  11  12  27  28  34 
04  06  11  12  27  34  36 
04  06  11  12  28  34  35 
04  06  11  12  34  35  36 
04  07  10  11  12  14  32 
04  07  10  12  14  27  32 
04  07  10  12  14  32  35 
04  07  11  12  14  28  32 
04  07  11  12  14  32  36 
04  07  12  14  27  28  32 
04  07  12  14  27  32  36 
04  07  12  14  28  32  35 
04  07  12  14  32  35  36 
04  09  11  12  14  32  34 
04  10  11  12  14  27  32 
04  10  11  12  14  27  34 
04  10  11  12  14  32  35 
04  10  11  12  14  34  35 
04  10  11  12  27  32  34 
04  10  11  12  32  34  35 
04  10  11  14  27  32  34 
04  10  11  14  32  34  35 
04  11  12  14  26  27  32 
04  11  12  14  26  32  35 
04  11  12  14  27  28  32 
04  11  12  14  27  28  34 
04  11  12  14  27  32  34 
04  11  12  14  27  32  36 
04  11  12  14  27  34  36 
04  11  12  14  28  32  35 
04  11  12  14  28  34  35 
04  11  12  14  32  34  35 
04  11  12  14  32  35  36 
04  11  12  14  34  35  36 
04  11  12  27  28  32  34 
04  11  12  27  32  34  36 
04  11  12  28  32  34  35 
04  11  12  32  34  35  36 
04  11  14  27  28  32  34 
04  11  14  27  32  34  36 
04  11  14  28  32  34  35 
04  11  14  32  34  35  36 
06  09  11  12  14  16  34 
06  09  11  12  14  30  34 
06  09  12  14  16  31  34 
06  09  12  14  30  31  34 
06  10  11  12  14  16  27 
06  10  11  12  14  16  35 
06  10  11  12  14  27  30 
06  10  11  12  14  27  34 
06  10  11  12  14  30  35 
06  10  11  12  14  34  35 
06  10  11  12  16  27  34 
06  10  11  12  16  34  35 
06  10  11  12  27  30  34 
06  10  11  12  30  34  35 
06  10  12  14  16  27  31 
06  10  12  14  27  30  31 
06  10  12  14  27  31  34 
06  10  12  16  27  31  34 
06  10  12  27  30  31  34 
06  11  12  14  16  26  27 
06  11  12  14  16  26  35 
06  11  12  14  16  27  28 
06  11  12  14  16  27  34 
06  11  12  14  16  27  36 
06  11  12  14  16  28  35 
06  11  12  14  16  34  35 
06  11  12  14  16  35  36 
06  11  12  14  26  27  30 
06  11  12  14  26  30  35 
06  11  12  14  27  28  30 
06  11  12  14  27  28  34 
06  11  12  14  27  30  34 
06  11  12  14  27  30  36 
06  11  12  14  27  34  36 
06  11  12  14  28  30  35 
06  11  12  14  28  34  35 
06  11  12  14  30  34  35 
06  11  12  14  30  35  36 
06  11  12  14  34  35  36 
06  11  12  16  27  28  34 
06  11  12  16  27  34  36 
06  11  12  16  28  34  35 
06  11  12  16  34  35  36 
06  11  12  27  28  30  34 
06  11  12  27  30  34  36 
06  11  12  28  30  34  35 
06  11  12  30  34  35  36 
06  12  14  16  26  27  31 
06  12  14  16  27  28  31 
06  12  14  16  27  31  34 
06  12  14  16  27  31  36 
06  12  14  26  27  30  31 
06  12  14  27  28  30  31 
06  12  14  27  28  31  34 
06  12  14  27  30  31  34 
06  12  14  27  30  31  36 
06  12  14  27  31  34  36 
06  12  16  27  28  31  34 
06  12  16  27  31  34  36 
06  12  27  28  30  31  34 
06  12  27  30  31  34  36 
07  10  11  12  14  16  32 
07  10  11  12  14  30  32 
07  10  12  14  16  27  32 
07  10  12  14  16  31  32 
07  10  12  14  16  32  35 
07  10  12  14  27  30  32 
07  10  12  14  30  31  32 
07  10  12  14  30  32  35 
07  11  12  14  16  28  32 
07  11  12  14  16  32  36 
07  11  12  14  28  30  32 
07  11  12  14  30  32  36 
07  12  14  16  27  28  32 
07  12  14  16  27  32  36 
07  12  14  16  28  31  32 
07  12  14  16  28  32  35 
07  12  14  16  31  32  36 
07  12  14  16  32  35  36 
07  12  14  27  28  30  32 
07  12  14  27  30  32  36 
07  12  14  28  30  31  32 
07  12  14  28  30  32  35 
07  12  14  30  31  32  36 
07  12  14  30  32  35  36 
09  11  12  14  16  32  34 
09  11  12  14  30  32  34 
09  12  14  16  31  32  34 
09  12  14  30  31  32  34 
